> Q
            X1         X2         X3          X4          X5         X6          X7          X8         X9         X10        X11        X12        X13        X14        X15        X16        X17        X18        X19        X20
X1  0.00000000 0.14895945 0.13769157 0.199576722 0.277366484 0.24537957 0.427470731 0.382605006 0.08559785 0.052212815 0.10746250 0.24474951 0.24130106 0.05684684 0.38850050 0.91032888 0.57283535 0.03055315 0.06501385 0.54175099
X2  0.14895945 0.00000000 0.17158405 0.039781501 0.142645350 0.81977913 0.118600476 0.157896942 0.57716718 0.050496288 0.13440300 1.44522565 0.18449743 0.02773854 0.18350549 0.33060959 0.14972697 0.31433284 0.10303831 0.06801534
X3  0.13769157 0.17158405 0.00000000 1.466290637 0.071636084 0.41688152 0.255804038 0.303973185 1.06845132 0.149679166 0.03552097 0.81343533 0.05353235 0.02596992 0.05268435 1.07329627 0.54824603 0.01942211 0.29328945 0.05299897
X4  0.19957672 0.03978150 1.46629064 0.000000000 0.008181561 0.16657086 1.667418067 0.233763038 0.25134204 0.010650512 0.02290269 0.12959154 0.02802022 0.01262020 0.11450280 0.28944374 0.10123779 0.03504539 0.08796280 0.04114019
X5  0.27736648 0.14264535 0.07163608 0.008181561 0.000000000 0.02668715 0.005766406 0.082821593 0.06723836 0.045947331 0.10378207 0.01999389 0.10545511 0.10749086 0.02954608 0.38015823 0.13853849 0.19365476 0.14686969 0.27064189
X6  0.24537957 0.81977913 0.41688152 0.166570856 0.026687153 0.00000000 1.477106698 0.089135148 1.15968433 0.030764876 0.23481764 1.05187210 0.41731903 0.02698501 0.25207013 0.27786070 0.23169543 0.05826279 0.06149626 0.08136514
X7  0.42747073 0.11860048 0.25580404 1.667418067 0.005766406 1.47710670 0.000000000 0.153319898 0.15394321 0.034404798 0.04166088 0.69796139 0.08510363 0.02191134 0.18427949 0.19037861 0.22219917 0.04228040 0.05301436 0.15899502
X8  0.38260501 0.15789694 0.30397318 0.233763038 0.082821593 0.08913515 0.153319898 0.000000000 0.06735665 0.008223474 0.01655592 0.10088455 0.04701813 0.01348456 0.06577948 0.36237722 0.06098935 0.09100696 0.02797971 0.05056867
X9  0.08559785 0.57716718 1.06845132 0.251342041 0.067238363 1.15968433 0.153943206 0.067356651 0.00000000 0.037320138 0.13488668 0.24047359 0.10914392 0.18347362 0.18801799 0.19989297 0.12782316 0.07091042 1.04607652 0.03196423
X10 0.05221281 0.05049629 0.14967917 0.010650512 0.045947331 0.03076488 0.034404798 0.008223474 0.03732014 0.000000000 0.85636470 0.08745535 1.14978648 0.28612466 0.02698717 0.08626923 0.39379646 0.05738400 0.11347277 2.11225121
X11 0.10746250 0.13440300 0.03552097 0.022902693 0.103782067 0.23481764 0.041660876 0.016555920 0.13488668 0.856364698 0.00000000 0.06955632 1.31089584 0.57123118 0.11230448 0.09310158 0.08820883 0.17967598 0.10765235 0.48620694
X12 0.24474951 1.44522565 0.81343533 0.129591539 0.019993888 1.05187210 0.697961386 0.100884551 0.24047359 0.087455351 0.06955632 0.00000000 0.25231427 0.02399140 0.15039754 0.26118695 0.37457330 0.03713514 0.03598980 0.08248671
X13 0.24130106 0.18449743 0.05353235 0.028020216 0.105455113 0.41731903 0.085103634 0.047018135 0.10914392 1.149786485 1.31089584 0.25231427 0.00000000 0.32154625 0.04626979 0.13338594 0.40944936 0.13927360 0.11570539 0.55591315
X14 0.05684684 0.02773854 0.02596992 0.012620197 0.107490855 0.02698501 0.021911342 0.013484563 0.18347362 0.286124658 0.57123118 0.02399140 0.32154625 0.00000000 0.04360021 0.14743628 0.04642480 0.41310063 1.74306838 0.17551240
X15 0.38850050 0.18350549 0.05268435 0.114502796 0.029546077 0.25207013 0.184279490 0.065779477 0.18801799 0.026987167 0.11230448 0.15039754 0.04626979 0.04360021 0.00000000 0.43568878 0.21480455 0.03764827 0.05834624 0.08503963
X16 0.91032888 0.33060959 1.07329627 0.289443744 0.380158226 0.27786070 0.190378614 0.362377216 0.19989297 0.086269230 0.09310158 0.26118695 0.13338594 0.14743628 0.43568878 0.00000000 1.18234539 0.14144384 0.21253844 0.06285441
X17 0.57283535 0.14972697 0.54824603 0.101237794 0.138538488 0.23169543 0.222199170 0.060989353 0.12782316 0.393796456 0.08820883 0.37457330 0.40944936 0.04642480 0.21480455 1.18234539 0.00000000 0.02994037 0.07862858 0.37491088
X18 0.03055315 0.31433284 0.01942211 0.035045389 0.193654760 0.05826279 0.042280403 0.091006962 0.07091042 0.057383999 0.17967598 0.03713514 0.13927360 0.41310063 0.03764827 0.14144384 0.02994037 0.00000000 0.67121425 0.09867300
X19 0.06501385 0.10303831 0.29328945 0.087962801 0.146869691 0.06149626 0.053014364 0.027979706 1.04607652 0.113472772 0.10765235 0.03598980 0.11570539 1.74306838 0.05834624 0.21253844 0.07862858 0.67121425 0.00000000 0.08499723
X20 0.54175099 0.06801534 0.05299897 0.041140193 0.270641892 0.08136514 0.158995022 0.050568665 0.03196423 2.112251209 0.48620694 0.08248671 0.55591315 0.17551240 0.08503963 0.06285441 0.37491088 0.09867300 0.08499723 0.00000000
> F
        X1         X2         X3         X4         X5         X6         X7         X8         X9        X10        X11        X12        X13        X14        X15        X16        X17        X18        X19        X20 
0.08662791 0.04397200 0.03908940 0.05704511 0.01930780 0.03672810 0.05805891 0.08325181 0.02443130 0.04846600 0.08620901 0.06202861 0.01950270 0.03843190 0.04576310 0.06951791 0.06101271 0.01438590 0.03527420 0.07089561 